# x1 x2 x3 x4
# 90 4
# 90 4
 1.00000000e+00  1.97817963e-03  1.00000196e+00  5.93043333e+05
 2.00000000e+00  2.79756435e-03  1.00000391e+00  8.38688694e+05
 3.00000000e+00  3.42629757e-03  1.00000587e+00  1.02717817e+06
 4.00000000e+00  3.95634184e-03  1.00000783e+00  1.18608144e+06
 5.00000000e+00  4.42331816e-03  1.00000978e+00  1.32607742e+06
 6.00000000e+00  4.84549516e-03  1.00001174e+00  1.45264290e+06
 7.00000000e+00  5.23372526e-03  1.00001370e+00  1.56903136e+06
 8.00000000e+00  5.59507944e-03  1.00001565e+00  1.67736262e+06
 9.00000000e+00  5.93446922e-03  1.00001761e+00  1.77910911e+06
 1.00000000e+01  6.25547063e-03  1.00001957e+00  1.87534292e+06
 2.00000000e+01  8.84644159e-03  1.00003913e+00  2.65209647e+06
 3.00000000e+01  1.08344750e-02  1.00005870e+00  3.24809389e+06
 4.00000000e+01  1.25103905e-02  1.00007826e+00  3.75052073e+06
 5.00000000e+01  1.39868366e-02  1.00009783e+00  4.19314812e+06
 6.00000000e+01  1.53215870e-02  1.00011740e+00  4.59329623e+06
 7.00000000e+01  1.65489626e-02  1.00013696e+00  4.96125417e+06
 8.00000000e+01  1.76913256e-02  1.00015653e+00  5.30372599e+06
 9.00000000e+01  1.87642092e-02  1.00017609e+00  5.62536839e+06
 1.00000000e+02  1.97789230e-02  1.00019566e+00  5.92957193e+06
 2.00000000e+02  2.79675181e-02  1.00039132e+00  8.38445100e+06
 3.00000000e+02  3.42480511e-02  1.00058698e+00  1.02673074e+07
 4.00000000e+02  3.95404449e-02  1.00078264e+00  1.18539272e+07
 5.00000000e+02  4.42010812e-02  1.00097830e+00  1.32511508e+07
 6.00000000e+02  4.84127626e-02  1.00117396e+00  1.45137811e+07
 7.00000000e+02  5.22840985e-02  1.00136962e+00  1.56743784e+07
 8.00000000e+02  5.58858648e-02  1.00156528e+00  1.67541608e+07
 9.00000000e+02  5.92672300e-02  1.00176094e+00  1.77678686e+07
 1.00000000e+03  6.24639986e-02  1.00195660e+00  1.87262357e+07
 2.00000000e+03  8.82083399e-02  1.00391321e+00  2.64441950e+07
 3.00000000e+03  1.07875194e-01  1.00586981e+00  3.23401696e+07
 4.00000000e+03  1.24382335e-01  1.00782641e+00  3.72888860e+07
 5.00000000e+03  1.38861832e-01  1.00978302e+00  4.16297300e+07
 6.00000000e+03  1.51895224e-01  1.01173962e+00  4.55370424e+07
 7.00000000e+03  1.63828530e-01  1.01369622e+00  4.91145577e+07
 8.00000000e+03  1.74887570e-01  1.01565282e+00  5.24299744e+07
 9.00000000e+03  1.85229454e-01  1.01760943e+00  5.55303933e+07
 1.00000000e+04  1.94968763e-01  1.01956603e+00  5.84501646e+07
 2.00000000e+04  2.71843088e-01  1.03913206e+00  8.14965074e+07
 3.00000000e+04  3.28349374e-01  1.05869809e+00  9.84366659e+07
 4.00000000e+04  3.74030119e-01  1.07826412e+00  1.12131409e+08
 5.00000000e+04  4.12654298e-01  1.09783015e+00  1.23710646e+08
 6.00000000e+04  4.46191065e-01  1.11739618e+00  1.33764716e+08
 7.00000000e+04  4.75831046e-01  1.13696221e+00  1.42650559e+08
 8.00000000e+04  5.02363051e-01  1.15652824e+00  1.50604654e+08
 9.00000000e+04  5.26343588e-01  1.17609428e+00  1.57793838e+08
 1.00000000e+05  5.48183713e-01  1.19566031e+00  1.64341343e+08
 2.00000000e+05  6.95277294e-01  1.39132061e+00  2.08438889e+08
 3.00000000e+05  7.76491846e-01  1.58698092e+00  2.32786399e+08
 4.00000000e+05  8.27839266e-01  1.78264122e+00  2.48179968e+08
 5.00000000e+05  8.62835911e-01  1.97830153e+00  2.58671699e+08
 6.00000000e+05  8.87924264e-01  2.17396184e+00  2.66192998e+08
 7.00000000e+05  9.06592009e-01  2.36962214e+00  2.71789447e+08
 8.00000000e+05  9.20890809e-01  2.56528245e+00  2.76076119e+08
 9.00000000e+05  9.32102298e-01  2.76094276e+00  2.79437239e+08
 1.00000000e+06  9.41064918e-01  2.95660306e+00  2.82124165e+08
 2.00000000e+06  9.79068069e-01  4.91320612e+00  2.93517223e+08
 3.00000000e+06  9.89348771e-01  6.86980919e+00  2.96599300e+08
 4.00000000e+06  9.93561243e-01  8.82641225e+00  2.97862167e+08
 5.00000000e+06  9.95690505e-01  1.07830153e+01  2.98500504e+08
 6.00000000e+06  9.96914485e-01  1.27396184e+01  2.98867444e+08
 7.00000000e+06  9.97682273e-01  1.46962214e+01  2.99097621e+08
 8.00000000e+06  9.98195378e-01  1.66528245e+01  2.99251446e+08
 9.00000000e+06  9.98555166e-01  1.86094276e+01  2.99359308e+08
 1.00000000e+07  9.98817160e-01  2.05660306e+01  2.99437852e+08
 2.00000000e+07  9.99689505e-01  4.01320612e+01  2.99699374e+08
 3.00000000e+07  9.99859693e-01  5.96980919e+01  2.99750395e+08
 4.00000000e+07  9.99920414e-01  7.92641225e+01  2.99768599e+08
 5.00000000e+07  9.99948808e-01  9.88301531e+01  2.99777111e+08
 6.00000000e+07  9.99964330e-01  1.18396184e+02  2.99781764e+08
 7.00000000e+07  9.99973730e-01  1.37962214e+02  2.99784583e+08
 8.00000000e+07  9.99979851e-01  1.57528245e+02  2.99786417e+08
 9.00000000e+07  9.99984057e-01  1.77094276e+02  2.99787678e+08
 1.00000000e+08  9.99987072e-01  1.96660306e+02  2.99788582e+08
 2.00000000e+08  9.99996751e-01  3.92320612e+02  2.99791484e+08
 3.00000000e+08  9.99998554e-01  5.87980919e+02  2.99792024e+08
 4.00000000e+08  9.99999186e-01  7.83641225e+02  2.99792214e+08
 5.00000000e+08  9.99999479e-01  9.79301531e+02  2.99792302e+08
 6.00000000e+08  9.99999638e-01  1.17496184e+03  2.99792349e+08
 7.00000000e+08  9.99999734e-01  1.37062214e+03  2.99792378e+08
 8.00000000e+08  9.99999796e-01  1.56628245e+03  2.99792397e+08
 9.00000000e+08  9.99999839e-01  1.76194276e+03  2.99792410e+08
 1.00000000e+09  9.99999870e-01  1.95760306e+03  2.99792419e+08
 2.00000000e+09  9.99999967e-01  3.91420612e+03  2.99792448e+08
 3.00000000e+09  9.99999985e-01  5.87080920e+03  2.99792454e+08
 4.00000000e+09  9.99999992e-01  7.82741224e+03  2.99792456e+08
 5.00000000e+09  9.99999995e-01  9.78401529e+03  2.99792456e+08
 6.00000000e+09  9.99999996e-01  1.17406183e+04  2.99792457e+08
 7.00000000e+09  9.99999997e-01  1.36972215e+04  2.99792457e+08
 8.00000000e+09  9.99999998e-01  1.56538245e+04  2.99792457e+08
 9.00000000e+09  9.99999998e-01  1.76104276e+04  2.99792458e+08
